108
198
170
189
151
118
1000411
1000489
110
135
126
121
136
136
105
139
148
171
133
145
162
192
124
154
123
124
143
164
154
111
169
163
158
173
114
125
131
152
152
191
185
149
191
180
123
100
117
142
194
188
105
197
120
176
194
123
176
185
160
107
120
117
196
153
191
175
133
131
133
145
162
109
129
164
112
175
111
137
168
111
179
131
163
175
100
127
121
143
195
176
141
133
109
136
105
186
169
198
161
126
101
142
125
171
193
134
115
146
195
158
135
194
198
131
105
168
197
106
120
108
111
145
111
194
171
178
173
129
1000100
1000089
115
187
144
164
109
112
192
166
102
110
125
153
165
124
137
137
158
188
196
144
198
115
153
194
124
141
161
150
155
199
172
168
163
160
143
109
102
138
143
144
120
197
194
135
102
187
130
165
197
172
163
130
185
175
183
164
172
169
136
112
122
103
136
151
195
126
115
160
111
167
155
124
